Iteration, Loss
1, 2.403710
2, 2.181583
3, 1.935479
4, 1.811451
5, 1.426617
6, 1.372510
7, 1.294100
8, 1.082349
9, 1.056890
10, 1.018006
11, 0.960955
12, 0.950787
13, 0.693055
14, 0.647734
15, 0.629712
16, 0.727693
17, 0.629186
18, 0.731952
19, 0.641978
20, 0.591337
21, 0.435107
22, 0.470730
23, 0.498076
24, 0.675795
25, 0.444699
26, 0.484584
27, 0.360740
28, 0.420328
29, 0.341470
30, 0.276745
31, 0.347727
32, 0.361425
33, 0.360698
34, 0.370557
35, 0.350374
36, 0.371159
37, 0.285992
38, 0.288818
39, 0.306225
40, 0.337069
41, 0.229109
42, 0.249737
43, 0.214564
44, 0.224792
45, 0.196044
46, 0.233045
47, 0.241016
48, 0.225819
49, 0.306705
50, 0.378525
51, 0.263813
52, 0.243760
53, 0.300804
54, 0.313482
55, 0.201356
56, 0.307929
57, 0.203423
58, 0.138553
59, 0.193210
60, 0.243414
61, 0.193974
62, 0.227193
63, 0.301884
64, 0.198477
65, 0.252295
66, 0.123864
67, 0.234284
68, 0.124333
69, 0.127526
70, 0.199912
71, 0.124341
72, 0.246197
73, 0.175606
74, 0.183944
75, 0.212407
76, 0.190898
77, 0.217230
78, 0.222585
79, 0.202667
80, 0.069705
81, 0.162573
82, 0.153052
83, 0.182900
84, 0.113840
85, 0.163015
86, 0.259413
87, 0.176961
88, 0.215174
89, 0.269981
90, 0.154438
91, 0.279972
92, 0.096841
93, 0.168945
94, 0.160557
95, 0.107234
96, 0.114930
97, 0.170619
98, 0.126677
99, 0.068153
100, 0.203482
101, 0.130608
102, 0.188423
103, 0.075538
104, 0.123406
105, 0.097912
106, 0.090404
107, 0.109485
108, 0.131824
109, 0.105558
110, 0.226298
111, 0.147227
112, 0.126520
113, 0.131229
114, 0.113558
115, 0.118309
116, 0.154888
117, 0.136224
118, 0.098077
119, 0.301720
120, 0.053618
121, 0.075553
122, 0.086275
123, 0.251805
124, 0.142980
125, 0.141926
126, 0.279078
127, 0.098558
128, 0.112187
129, 0.154124
130, 0.059620
131, 0.109470
132, 0.111549
133, 0.133471
134, 0.095619
135, 0.226527
136, 0.174570
137, 0.095100
138, 0.087456
139, 0.132672
140, 0.084602
141, 0.147401
142, 0.082910
143, 0.142770
144, 0.155538
145, 0.161015
146, 0.075742
147, 0.224263
148, 0.090425
149, 0.075910
150, 0.084115
151, 0.136605
152, 0.110332
153, 0.069795
154, 0.134746
155, 0.177418
156, 0.114382
157, 0.045956
158, 0.059158
159, 0.176900
160, 0.108731
161, 0.231933
162, 0.037454
163, 0.137934
164, 0.162880
165, 0.156646
166, 0.097128
167, 0.094311
168, 0.045289
169, 0.084596
170, 0.154570
171, 0.119132
172, 0.035165
173, 0.085271
174, 0.085808
175, 0.156991
176, 0.087676
177, 0.153965
178, 0.054334
179, 0.105358
180, 0.093780
181, 0.085636
182, 0.082704
183, 0.069313
184, 0.116754
185, 0.126192
186, 0.111901
187, 0.064392
188, 0.069025
189, 0.104987
190, 0.220560
191, 0.068633
192, 0.108944
193, 0.080934
194, 0.061346
195, 0.111884
196, 0.075583
197, 0.112816
198, 0.054638
199, 0.060383
200, 0.153662
201, 0.083545
202, 0.096702
203, 0.082279
204, 0.028344
205, 0.121369
206, 0.117950
207, 0.087573
208, 0.033241
209, 0.096748
210, 0.092508
211, 0.115661
212, 0.110169
213, 0.116285
214, 0.075797
215, 0.120243
216, 0.043897
217, 0.074789
218, 0.068124
219, 0.114390
220, 0.167627
221, 0.052907
222, 0.083238
223, 0.101058
224, 0.141450
225, 0.082978
226, 0.074628
227, 0.061348
228, 0.067285
229, 0.059033
230, 0.108139
231, 0.057181
232, 0.115250
233, 0.072658
234, 0.124905
235, 0.099853
236, 0.141697
237, 0.077966
238, 0.051213
239, 0.083106
240, 0.090960
241, 0.152365
242, 0.108389
243, 0.057541
244, 0.228429
245, 0.112348
246, 0.051242
247, 0.137901
248, 0.088404
249, 0.022889
250, 0.033975
251, 0.095330
252, 0.098737
253, 0.109239
254, 0.053806
255, 0.065935
256, 0.104238
257, 0.105709
258, 0.071248
259, 0.100175
260, 0.061615
261, 0.071559
262, 0.056757
263, 0.138579
264, 0.110740
265, 0.079273
266, 0.126488
267, 0.140769
268, 0.091287
269, 0.159518
270, 0.167383
271, 0.103513
272, 0.076002
273, 0.114915
274, 0.225418
275, 0.131298
276, 0.127160
277, 0.094726
278, 0.108156
279, 0.083811
280, 0.059338
281, 0.102794
282, 0.085052
283, 0.028606
284, 0.043472
285, 0.121566
286, 0.126142
287, 0.055715
288, 0.055297
289, 0.077868
290, 0.078338
291, 0.072620
292, 0.139152
293, 0.042054
294, 0.071886
295, 0.056084
296, 0.051203
297, 0.110995
298, 0.074566
299, 0.087428
300, 0.037885
301, 0.057293
302, 0.107304
303, 0.028884
304, 0.112070
305, 0.091479
306, 0.055299
307, 0.095219
308, 0.067799
309, 0.139989
310, 0.088841
311, 0.049187
312, 0.152495
313, 0.088787
314, 0.042392
315, 0.049955
316, 0.040406
317, 0.055856
318, 0.055582
319, 0.054279
320, 0.078237
321, 0.086495
322, 0.132738
323, 0.051424
324, 0.055281
325, 0.036976
326, 0.114673
327, 0.028223
328, 0.025445
329, 0.168025
330, 0.102830
331, 0.171420
332, 0.077410
333, 0.019129
334, 0.107298
335, 0.062180
336, 0.025126
337, 0.047384
338, 0.154434
339, 0.076174
340, 0.080210
341, 0.066516
342, 0.051041
343, 0.064867
344, 0.045026
345, 0.063555
346, 0.035971
347, 0.063019
348, 0.053700
349, 0.086173
350, 0.088124
351, 0.131082
352, 0.081977
353, 0.041129
354, 0.129976
355, 0.092064
356, 0.100632
357, 0.055500
358, 0.066405
359, 0.073267
360, 0.127936
361, 0.059081
362, 0.038394
363, 0.047338
364, 0.096279
365, 0.206128
366, 0.133020
367, 0.069305
368, 0.063835
369, 0.037549
370, 0.097375
371, 0.100358
372, 0.055530
373, 0.064130
374, 0.113150
375, 0.097418
376, 0.071195
377, 0.036266
378, 0.072592
379, 0.030762
380, 0.125141
381, 0.035717
382, 0.126989
383, 0.174859
384, 0.108385
385, 0.042030
386, 0.010667
387, 0.071865
388, 0.043576
389, 0.042501
390, 0.029790
391, 0.076187
392, 0.074711
393, 0.079691
394, 0.128905
395, 0.031406
396, 0.087657
397, 0.101387
398, 0.061864
399, 0.070687
400, 0.034052
401, 0.127219
402, 0.063007
403, 0.041483
404, 0.105960
405, 0.108505
406, 0.106521
407, 0.094037
408, 0.202661
409, 0.069066
410, 0.043238
411, 0.035665
412, 0.108315
413, 0.075446
414, 0.031280
415, 0.062670
416, 0.016575
417, 0.094330
418, 0.163188
419, 0.059548
420, 0.115177
421, 0.078310
422, 0.099001
423, 0.087306
424, 0.037602
425, 0.085224
426, 0.085549
427, 0.095107
428, 0.142303
429, 0.047285
430, 0.111211
431, 0.099041
432, 0.126168
433, 0.048461
434, 0.055775
435, 0.056686
436, 0.039244
437, 0.033529
438, 0.031431
439, 0.176024
440, 0.031172
441, 0.064634
442, 0.057126
443, 0.074138
444, 0.078165
445, 0.077771
446, 0.028091
447, 0.061026
448, 0.040266
449, 0.097732
450, 0.036974
451, 0.074012
452, 0.052290
453, 0.055869
454, 0.036245
455, 0.082632
456, 0.029810
457, 0.086914
458, 0.040355
459, 0.021586
460, 0.104441
461, 0.107700
462, 0.036839
463, 0.051160
464, 0.067619
465, 0.067492
466, 0.021716
467, 0.016932
468, 0.023631
469, 0.090937
470, 0.021531
471, 0.105545
472, 0.029046
473, 0.051724
474, 0.104792
475, 0.056305
476, 0.065454
477, 0.029264
478, 0.087316
479, 0.060700
480, 0.032294
481, 0.065761
482, 0.056061
483, 0.067206
484, 0.043841
485, 0.049772
486, 0.087539
487, 0.020790
488, 0.041837
489, 0.037797
490, 0.150888
491, 0.072678
492, 0.039623
493, 0.073479
494, 0.096252
495, 0.066158
496, 0.170021
497, 0.113471
498, 0.088387
499, 0.025295
500, 0.041768
501, 0.039215
502, 0.056476
503, 0.048078
504, 0.029775
505, 0.110241
506, 0.024575
507, 0.073399
508, 0.098693
509, 0.096328
510, 0.086512
511, 0.068703
512, 0.023311
513, 0.064935
514, 0.033198
515, 0.122665
516, 0.019865
517, 0.023217
518, 0.115120
519, 0.036146
520, 0.064696
521, 0.063819
522, 0.043259
523, 0.051125
524, 0.092712
525, 0.029843
526, 0.036002
527, 0.042662
528, 0.044324
529, 0.052195
530, 0.014798
531, 0.072569
532, 0.022499
533, 0.061165
534, 0.021338
535, 0.043824
536, 0.041399
537, 0.009650
538, 0.058851
539, 0.039758
540, 0.113430
541, 0.068783
542, 0.021701
543, 0.054809
544, 0.071293
545, 0.053445
546, 0.053563
547, 0.082168
548, 0.033635
549, 0.028510
550, 0.021269
551, 0.044709
552, 0.102977
553, 0.028192
554, 0.093057
555, 0.022121
556, 0.014463
557, 0.015592
558, 0.041516
559, 0.062685
560, 0.050908
561, 0.006355
562, 0.048309
563, 0.175789
564, 0.050277
565, 0.067551
566, 0.123609
567, 0.043985
568, 0.098058
569, 0.019692
570, 0.016855
571, 0.097549
572, 0.084847
573, 0.088473
574, 0.047667
575, 0.047220
576, 0.092397
577, 0.125849
578, 0.010591
579, 0.032157
580, 0.141352
581, 0.039206
582, 0.055642
583, 0.035948
584, 0.063852
585, 0.070462
586, 0.083587
587, 0.047764
588, 0.079296
589, 0.030476
590, 0.072879
591, 0.056236
592, 0.053864
593, 0.271289
594, 0.051819
595, 0.034845
596, 0.141736
597, 0.065048
598, 0.031303
599, 0.086024
600, 0.116457
601, 0.069487
602, 0.058073
603, 0.090108
604, 0.068701
605, 0.050527
606, 0.018515
607, 0.016405
608, 0.025104
609, 0.037078
610, 0.072509
611, 0.034332
612, 0.023496
613, 0.024967
614, 0.050439
615, 0.019503
616, 0.115085
617, 0.062189
618, 0.047128
619, 0.019027
620, 0.045689
621, 0.023242
622, 0.019731
623, 0.051412
624, 0.086706
625, 0.085206
626, 0.051954
627, 0.015472
628, 0.046972
629, 0.024541
630, 0.018572
631, 0.106914
632, 0.039693
633, 0.020104
634, 0.034442
635, 0.016640
636, 0.058101
637, 0.088320
638, 0.030061
639, 0.073424
640, 0.120285
641, 0.129609
642, 0.067783
643, 0.013422
644, 0.029728
645, 0.027621
646, 0.048361
647, 0.173998
648, 0.130933
649, 0.019989
650, 0.035027
651, 0.010183
652, 0.046955
653, 0.055649
654, 0.029820
655, 0.015758
656, 0.064682
657, 0.051252
658, 0.043222
659, 0.028771
660, 0.051641
661, 0.145986
662, 0.037467
663, 0.057402
664, 0.014765
665, 0.044277
666, 0.034587
667, 0.075766
668, 0.044330
669, 0.155146
670, 0.073824
671, 0.038928
672, 0.013049
673, 0.020176
674, 0.037825
675, 0.082471
676, 0.049042
677, 0.058087
678, 0.055439
679, 0.051536
680, 0.033199
681, 0.016634
682, 0.058434
683, 0.037093
684, 0.059623
685, 0.041071
686, 0.032638
687, 0.012358
688, 0.033712
689, 0.026241
690, 0.060057
691, 0.031112
692, 0.041144
693, 0.061886
694, 0.040256
695, 0.035296
696, 0.067591
697, 0.084893
698, 0.040773
699, 0.070327
700, 0.093269
701, 0.109166
702, 0.024884
703, 0.009752
704, 0.026211
705, 0.045550
706, 0.053040
707, 0.092464
708, 0.078855
709, 0.032389
710, 0.028314
711, 0.127694
712, 0.067070
713, 0.065078
714, 0.162374
715, 0.081950
716, 0.100485
717, 0.080628
718, 0.033120
719, 0.054604
720, 0.030532
721, 0.064862
722, 0.184386
723, 0.060968
724, 0.135236
725, 0.117483
726, 0.041915
727, 0.069958
728, 0.026990
729, 0.045611
730, 0.007455
731, 0.021551
732, 0.060226
733, 0.077813
734, 0.110976
735, 0.072821
736, 0.059948
737, 0.049774
738, 0.025231
739, 0.111160
740, 0.077662
741, 0.023334
742, 0.042344
743, 0.127819
744, 0.070950
745, 0.047959
746, 0.102625
747, 0.088520
748, 0.098721
749, 0.022445
750, 0.046042
751, 0.033104
752, 0.045989
753, 0.107034
754, 0.048931
755, 0.068679
756, 0.064254
757, 0.020523
758, 0.063323
759, 0.031331
760, 0.031269
761, 0.041410
762, 0.044536
763, 0.022726
764, 0.086778
765, 0.040148
766, 0.059035
767, 0.012655
768, 0.022443
769, 0.060028
770, 0.014801
771, 0.024552
772, 0.092313
773, 0.084343
774, 0.017562
775, 0.024135
776, 0.090427
777, 0.053570
778, 0.014638
779, 0.093389
780, 0.012106
781, 0.087480
782, 0.011396
783, 0.008636
784, 0.005570
785, 0.033733
786, 0.016725
787, 0.016316
788, 0.005717
789, 0.017503
790, 0.023566
791, 0.048710
792, 0.012284
793, 0.018969
794, 0.024182
795, 0.031570
796, 0.017736
797, 0.016057
798, 0.040516
799, 0.014472
800, 0.046757
801, 0.027364
802, 0.008692
803, 0.056049
804, 0.082936
805, 0.010717
806, 0.018727
807, 0.074261
808, 0.038230
809, 0.071591
810, 0.033040
811, 0.011492
812, 0.021424
813, 0.025631
814, 0.047119
815, 0.052799
816, 0.054650
817, 0.020287
818, 0.094973
819, 0.021659
820, 0.065745
821, 0.032992
822, 0.021465
823, 0.061886
824, 0.063299
825, 0.031283
826, 0.051853
827, 0.013266
828, 0.035669
829, 0.096810
830, 0.054405
831, 0.056598
832, 0.020419
833, 0.044744
834, 0.015305
835, 0.037337
836, 0.061603
837, 0.024390
838, 0.043938
839, 0.039622
840, 0.032771
841, 0.054871
842, 0.020753
843, 0.040393
844, 0.026781
845, 0.045966
846, 0.055665
847, 0.068727
848, 0.053949
849, 0.041238
850, 0.024325
851, 0.039681
852, 0.040817
853, 0.060403
854, 0.067344
855, 0.043882
856, 0.031498
857, 0.007453
858, 0.012026
859, 0.022971
860, 0.006494
861, 0.041951
862, 0.016187
863, 0.015261
864, 0.028686
865, 0.091049
866, 0.011011
867, 0.030368
868, 0.036988
869, 0.021708
870, 0.035696
871, 0.140041
872, 0.031450
873, 0.102044
874, 0.061029
875, 0.026272
876, 0.010728
877, 0.068448
878, 0.041257
879, 0.127733
880, 0.095617
881, 0.035689
882, 0.041598
883, 0.036868
884, 0.174660
885, 0.014376
886, 0.123117
887, 0.027175
888, 0.016155
889, 0.090621
890, 0.080126
891, 0.024908
892, 0.026528
893, 0.039171
894, 0.008336
895, 0.024731
896, 0.081385
897, 0.067875
898, 0.036964
899, 0.025223
900, 0.011608
901, 0.050660
902, 0.054520
903, 0.046525
904, 0.054306
905, 0.014689
906, 0.034868
907, 0.035093
908, 0.014056
909, 0.009109
910, 0.009535
911, 0.114252
912, 0.091772
913, 0.009737
914, 0.100144
915, 0.092617
916, 0.049446
917, 0.012617
918, 0.029716
919, 0.008453
920, 0.038561
921, 0.016729
922, 0.049357
923, 0.028819
924, 0.043861
925, 0.019959
926, 0.102453
927, 0.039407
928, 0.046646
929, 0.080893
930, 0.118151
931, 0.040993
932, 0.008554
933, 0.061958
934, 0.071399
935, 0.021276
936, 0.020221
937, 0.028312
938, 0.008469
939, 0.019482
940, 0.060442
941, 0.118808
942, 0.028719
943, 0.096018
944, 0.035325
945, 0.023145
946, 0.037007
947, 0.020380
948, 0.013032
949, 0.031439
950, 0.110496
951, 0.037567
952, 0.017117
953, 0.070327
954, 0.013601
955, 0.078894
956, 0.093303
957, 0.013120
958, 0.052058
959, 0.102298
960, 0.123256
961, 0.064989
962, 0.015079
963, 0.099195
964, 0.095328
965, 0.046018
966, 0.020097
967, 0.019454
968, 0.033186
969, 0.100268
970, 0.007428
971, 0.014316
972, 0.057871
973, 0.110525
974, 0.042083
975, 0.050366
976, 0.056539
977, 0.025595
978, 0.019987
979, 0.021069
980, 0.069687
981, 0.014870
982, 0.046351
983, 0.069430
984, 0.031683
985, 0.014333
986, 0.007050
987, 0.009483
988, 0.026059
989, 0.024533
990, 0.047601
991, 0.101501
992, 0.018793
993, 0.115564
994, 0.060002
995, 0.019612
996, 0.053766
997, 0.141730
998, 0.018835
999, 0.043562
1000, 0.013037
1001, 0.053313
1002, 0.055391
1003, 0.033819
1004, 0.055500
1005, 0.016534
1006, 0.020765
1007, 0.026440
1008, 0.007405
1009, 0.031633
1010, 0.036229
1011, 0.038913
1012, 0.016703
1013, 0.035145
1014, 0.078550
1015, 0.024417
1016, 0.096129
1017, 0.067794
1018, 0.063109
1019, 0.136742
1020, 0.033133
1021, 0.097577
1022, 0.021898
1023, 0.048237
1024, 0.086444
1025, 0.028354
1026, 0.017697
1027, 0.042145
1028, 0.012386
1029, 0.013331
1030, 0.096480
1031, 0.065407
1032, 0.027599
1033, 0.021587
1034, 0.017461
1035, 0.166427
1036, 0.011695
1037, 0.010289
1038, 0.073924
1039, 0.041297
1040, 0.021461
1041, 0.070263
1042, 0.017259
1043, 0.013096
1044, 0.054367
1045, 0.045715
1046, 0.019895
1047, 0.036088
1048, 0.071817
1049, 0.038136
1050, 0.012615
1051, 0.066799
1052, 0.056626
1053, 0.015111
1054, 0.111913
1055, 0.066197
1056, 0.009446
1057, 0.012925
1058, 0.020830
1059, 0.032293
1060, 0.008219
1061, 0.028617
1062, 0.009605
1063, 0.023368
1064, 0.008587
1065, 0.119503
1066, 0.023801
1067, 0.035734
1068, 0.037866
1069, 0.056340
1070, 0.007546
1071, 0.024496
1072, 0.078556
1073, 0.011051
1074, 0.010658
1075, 0.016096
1076, 0.058380
1077, 0.014592
1078, 0.010386
1079, 0.067914
1080, 0.012579
1081, 0.068354
1082, 0.011168
1083, 0.089269
1084, 0.025110
1085, 0.090621
1086, 0.019841
1087, 0.055039
1088, 0.022035
1089, 0.010675
1090, 0.015463
1091, 0.042897
1092, 0.041373
1093, 0.232715
1094, 0.050508
1095, 0.039847
1096, 0.013469
1097, 0.110443
1098, 0.032942
1099, 0.028447
1100, 0.054988
1101, 0.017619
1102, 0.063235
1103, 0.024405
1104, 0.033260
1105, 0.052910
1106, 0.011599
1107, 0.059512
1108, 0.002680
1109, 0.114145
1110, 0.014993
1111, 0.019855
1112, 0.021220
1113, 0.086343
1114, 0.024745
1115, 0.070482
1116, 0.006041
1117, 0.034745
1118, 0.010030
1119, 0.014759
1120, 0.341895
1121, 0.036814
1122, 0.015824
1123, 0.062284
1124, 0.084904
1125, 0.027694
1126, 0.074388
1127, 0.096956
1128, 0.126672
1129, 0.062177
1130, 0.029102
1131, 0.041826
1132, 0.056239
1133, 0.081544
1134, 0.078593
1135, 0.012765
1136, 0.086619
1137, 0.037551
1138, 0.017439
1139, 0.043014
1140, 0.057262
1141, 0.007964
1142, 0.033816
1143, 0.148979
1144, 0.009825
1145, 0.015851
1146, 0.009206
1147, 0.077268
1148, 0.070375
1149, 0.019634
1150, 0.018200
1151, 0.043176
1152, 0.092904
1153, 0.005785
1154, 0.111594
1155, 0.019488
1156, 0.090431
1157, 0.042227
1158, 0.011669
1159, 0.011994
1160, 0.018063
1161, 0.037480
1162, 0.072401
1163, 0.037623
1164, 0.039497
1165, 0.020231
1166, 0.046114
1167, 0.076339
1168, 0.054978
1169, 0.035471
1170, 0.008734
1171, 0.029415
1172, 0.067840
1173, 0.014869
1174, 0.034340
1175, 0.029436
1176, 0.019569
1177, 0.033432
1178, 0.007038
1179, 0.080593
1180, 0.006960
1181, 0.032421
1182, 0.071586
1183, 0.014809
1184, 0.016007
1185, 0.124364
1186, 0.034734
1187, 0.051737
1188, 0.034288
1189, 0.068200
1190, 0.019196
1191, 0.052701
1192, 0.015179
1193, 0.033971
1194, 0.014962
1195, 0.040749
1196, 0.093998
1197, 0.010091
1198, 0.117626
1199, 0.042687
1200, 0.026312
1201, 0.020272
1202, 0.017680
1203, 0.013338
1204, 0.092949
1205, 0.019704
1206, 0.003391
1207, 0.011060
1208, 0.068073
1209, 0.113848
1210, 0.039316
1211, 0.026800
1212, 0.016123
1213, 0.007515
1214, 0.029474
1215, 0.027415
1216, 0.019440
1217, 0.019994
1218, 0.044367
1219, 0.018028
1220, 0.035315
1221, 0.046538
1222, 0.008395
1223, 0.036374
1224, 0.022687
1225, 0.007216
1226, 0.130072
1227, 0.092220
1228, 0.036809
1229, 0.085069
1230, 0.037836
1231, 0.090714
1232, 0.043188
1233, 0.068963
1234, 0.046505
1235, 0.047409
1236, 0.015929
1237, 0.021119
1238, 0.055782
1239, 0.033547
1240, 0.011528
1241, 0.016346
1242, 0.003392
1243, 0.028854
1244, 0.121614
1245, 0.009929
1246, 0.009562
1247, 0.009976
1248, 0.004701
1249, 0.029079
1250, 0.011600
1251, 0.137570
1252, 0.008279
1253, 0.018338
1254, 0.004197
1255, 0.052998
1256, 0.006273
1257, 0.005732
1258, 0.014132
1259, 0.026888
1260, 0.044467
1261, 0.005700
1262, 0.035928
1263, 0.020782
1264, 0.006276
1265, 0.013859
1266, 0.012922
1267, 0.015694
1268, 0.030874
1269, 0.030538
1270, 0.005073
1271, 0.048520
1272, 0.027567
1273, 0.031372
1274, 0.034860
1275, 0.027889
1276, 0.044563
1277, 0.069727
1278, 0.020850
1279, 0.041996
1280, 0.007249
1281, 0.008782
1282, 0.007950
1283, 0.010570
1284, 0.056886
1285, 0.011134
1286, 0.110106
1287, 0.064081
1288, 0.016055
1289, 0.014170
1290, 0.028102
1291, 0.045451
1292, 0.027517
1293, 0.033614
1294, 0.012181
1295, 0.050674
1296, 0.079737
1297, 0.051532
1298, 0.012470
1299, 0.026952
1300, 0.029639
1301, 0.111143
1302, 0.011592
1303, 0.012932
1304, 0.037020
1305, 0.010868
1306, 0.014174
1307, 0.020608
1308, 0.004084
1309, 0.007091
1310, 0.019417
1311, 0.020068
1312, 0.019846
1313, 0.007037
1314, 0.038366
1315, 0.053500
1316, 0.059056
1317, 0.021231
1318, 0.031575
1319, 0.033631
1320, 0.021912
1321, 0.023670
1322, 0.009098
1323, 0.056442
1324, 0.038970
1325, 0.028567
1326, 0.062846
1327, 0.018597
1328, 0.023082
1329, 0.023911
1330, 0.008198
1331, 0.123370
1332, 0.166585
1333, 0.044350
1334, 0.009781
1335, 0.018109
1336, 0.006033
1337, 0.186349
1338, 0.027415
1339, 0.050650
1340, 0.044625
1341, 0.029510
1342, 0.015152
1343, 0.055221
1344, 0.006582
1345, 0.042124
1346, 0.008797
1347, 0.019143
1348, 0.039673
1349, 0.046009
1350, 0.044985
1351, 0.048651
1352, 0.034834
1353, 0.040191
1354, 0.029544
1355, 0.025918
1356, 0.017577
1357, 0.043002
1358, 0.040260
1359, 0.013779
1360, 0.082288
1361, 0.004736
1362, 0.073874
1363, 0.012953
1364, 0.070541
1365, 0.018083
1366, 0.105565
1367, 0.035919
1368, 0.025584
1369, 0.018323
1370, 0.081391
1371, 0.023579
1372, 0.059508
1373, 0.052380
1374, 0.077823
1375, 0.038858
1376, 0.027172
1377, 0.068428
1378, 0.047085
1379, 0.025445
1380, 0.039179
1381, 0.096623
1382, 0.038313
1383, 0.010806
1384, 0.025462
1385, 0.053158
1386, 0.066501
1387, 0.044364
1388, 0.037834
1389, 0.020995
1390, 0.133608
1391, 0.031798
1392, 0.009434
1393, 0.056674
1394, 0.067585
1395, 0.020726
1396, 0.011973
1397, 0.007886
1398, 0.016251
1399, 0.061752
1400, 0.049276
1401, 0.024232
1402, 0.015174
1403, 0.028678
1404, 0.031509
1405, 0.036498
1406, 0.062646
1407, 0.078159
1408, 0.113172
1409, 0.029855
1410, 0.053485
1411, 0.026651
1412, 0.031656
1413, 0.066372
1414, 0.051953
1415, 0.011117
1416, 0.013886
1417, 0.017161
1418, 0.052596
1419, 0.024640
1420, 0.067264
1421, 0.010989
1422, 0.056195
1423, 0.010976
1424, 0.058928
1425, 0.061254
1426, 0.019558
1427, 0.012638
1428, 0.037616
1429, 0.010137
1430, 0.016530
1431, 0.051006
1432, 0.069116
1433, 0.029003
1434, 0.015663
1435, 0.047816
1436, 0.019880
1437, 0.047467
1438, 0.026362
1439, 0.013818
1440, 0.020975
1441, 0.010498
1442, 0.019773
1443, 0.006912
1444, 0.060522
1445, 0.015057
1446, 0.005216
1447, 0.012604
1448, 0.030861
1449, 0.027866
1450, 0.045969
1451, 0.012204
1452, 0.073886
1453, 0.018288
1454, 0.068856
1455, 0.023020
1456, 0.006180
1457, 0.042059
1458, 0.015740
1459, 0.091298
1460, 0.013903
1461, 0.052735
1462, 0.008799
1463, 0.037436
1464, 0.017680
1465, 0.105004
1466, 0.047775
1467, 0.051945
1468, 0.013277
1469, 0.014743
1470, 0.029270
1471, 0.010581
1472, 0.063637
1473, 0.036389
1474, 0.054316
1475, 0.011126
1476, 0.006758
1477, 0.007688
1478, 0.044324
1479, 0.020489
1480, 0.025789
1481, 0.013254
1482, 0.031801
1483, 0.059366
1484, 0.006818
1485, 0.037781
1486, 0.031268
1487, 0.009675
1488, 0.019682
1489, 0.023353
1490, 0.032967
1491, 0.011638
1492, 0.074564
1493, 0.007692
1494, 0.027031
1495, 0.034156
1496, 0.037546
1497, 0.011819
1498, 0.002299
1499, 0.011771
1500, 0.039721
1501, 0.028479
1502, 0.119146
1503, 0.041723
1504, 0.060592
1505, 0.258476
1506, 0.032953
1507, 0.028780
1508, 0.006327
1509, 0.018197
1510, 0.013489
1511, 0.035696
1512, 0.023003
1513, 0.068522
1514, 0.012808
1515, 0.008937
1516, 0.026413
1517, 0.066928
1518, 0.034752
1519, 0.044844
1520, 0.006813
1521, 0.041602
1522, 0.070932
1523, 0.006003
1524, 0.047192
1525, 0.018454
1526, 0.025171
1527, 0.027835
1528, 0.004171
1529, 0.063295
1530, 0.009791
1531, 0.023302
1532, 0.106627
1533, 0.062523
1534, 0.012158
1535, 0.005215
1536, 0.049160
1537, 0.017528
1538, 0.059228
1539, 0.121197
1540, 0.031741
1541, 0.016382
1542, 0.007138
1543, 0.014085
1544, 0.032342
1545, 0.009619
1546, 0.009799
1547, 0.005164
1548, 0.032560
1549, 0.033508
1550, 0.073299
1551, 0.064973
1552, 0.031438
1553, 0.024466
1554, 0.027275
1555, 0.110365
1556, 0.003400
1557, 0.057199
1558, 0.065757
1559, 0.045069
1560, 0.057074
1561, 0.031575
1562, 0.010238
1563, 0.056870
1564, 0.009851
1565, 0.037185
1566, 0.037298
1567, 0.009511
1568, 0.052227
1569, 0.092516
1570, 0.012756
1571, 0.025602
1572, 0.093437
1573, 0.081730
1574, 0.003145
1575, 0.057511
1576, 0.005417
1577, 0.035160
1578, 0.022789
1579, 0.032268
1580, 0.028925
1581, 0.022418
1582, 0.011657
1583, 0.017145
1584, 0.057720
1585, 0.011918
1586, 0.027524
1587, 0.095079
1588, 0.018771
1589, 0.132296
1590, 0.051113
1591, 0.073628
1592, 0.066997
1593, 0.025136
1594, 0.062177
1595, 0.070472
1596, 0.093856
1597, 0.063212
1598, 0.028908
1599, 0.012284
1600, 0.034800
1601, 0.049797
1602, 0.104020
1603, 0.029304
1604, 0.032709
1605, 0.017369
1606, 0.010481
1607, 0.055673
1608, 0.030334
1609, 0.100875
1610, 0.013694
1611, 0.025104
1612, 0.045712
1613, 0.048923
1614, 0.045733
1615, 0.018333
1616, 0.090487
1617, 0.012688
1618, 0.041592
1619, 0.008895
1620, 0.098991
1621, 0.015737
1622, 0.131836
1623, 0.002976
1624, 0.055546
1625, 0.031366
1626, 0.040229
1627, 0.074621
1628, 0.017042
1629, 0.012443
1630, 0.020093
1631, 0.049726
1632, 0.045243
1633, 0.008827
1634, 0.033059
1635, 0.029267
1636, 0.041342
1637, 0.023569
1638, 0.003280
1639, 0.004792
1640, 0.041871
1641, 0.096884
1642, 0.010714
1643, 0.024899
1644, 0.006363
1645, 0.004818
1646, 0.057485
1647, 0.009018
1648, 0.059012
1649, 0.035563
1650, 0.030650
1651, 0.043119
1652, 0.015241
1653, 0.009664
1654, 0.079796
1655, 0.012623
1656, 0.052522
1657, 0.031984
1658, 0.036831
1659, 0.030099
1660, 0.012480
1661, 0.057060
1662, 0.095477
1663, 0.020865
1664, 0.012581
1665, 0.020544
1666, 0.033472
1667, 0.018012
1668, 0.099402
1669, 0.020932
1670, 0.020272
1671, 0.041300
1672, 0.042863
1673, 0.072168
1674, 0.253351
1675, 0.030016
1676, 0.020491
1677, 0.054947
1678, 0.011964
1679, 0.016082
1680, 0.009743
1681, 0.069729
1682, 0.067183
1683, 0.040405
1684, 0.064048
1685, 0.028445
1686, 0.005461
1687, 0.043362
1688, 0.032418
1689, 0.006723
1690, 0.033971
1691, 0.018745
1692, 0.019357
1693, 0.006432
1694, 0.143927
1695, 0.028791
1696, 0.033854
1697, 0.010254
1698, 0.099588
1699, 0.028318
1700, 0.005554
1701, 0.022954
1702, 0.019470
1703, 0.016983
1704, 0.039388
1705, 0.025751
1706, 0.093797
1707, 0.049560
1708, 0.019123
1709, 0.055593
1710, 0.044247
1711, 0.051289
1712, 0.058383
1713, 0.045975
1714, 0.015267
1715, 0.022060
1716, 0.006553
1717, 0.045709
1718, 0.068528
1719, 0.026385
1720, 0.072640
1721, 0.026339
1722, 0.049741
1723, 0.026360
1724, 0.024194
1725, 0.027515
1726, 0.035750
1727, 0.016101
1728, 0.019301
1729, 0.054823
1730, 0.030274
1731, 0.005788
1732, 0.060191
1733, 0.010268
1734, 0.008581
1735, 0.094854
1736, 0.047240
1737, 0.041040
1738, 0.013074
1739, 0.035005
1740, 0.024562
1741, 0.013129
1742, 0.002267
1743, 0.034954
1744, 0.010908
1745, 0.014263
1746, 0.001470
1747, 0.004869
1748, 0.041829
1749, 0.081444
1750, 0.020906
1751, 0.015092
1752, 0.003290
1753, 0.012919
1754, 0.051596
1755, 0.006773
1756, 0.034516
1757, 0.012446
1758, 0.015346
1759, 0.080730
1760, 0.096050
1761, 0.022935
1762, 0.062558
1763, 0.061428
1764, 0.030238
1765, 0.038194
1766, 0.012217
1767, 0.008673
1768, 0.016802
1769, 0.011831
1770, 0.055561
1771, 0.022134
1772, 0.024764
1773, 0.040947
1774, 0.056875
1775, 0.045068
1776, 0.041142
1777, 0.014009
1778, 0.004146
1779, 0.064312
1780, 0.002931
1781, 0.012602
1782, 0.058317
1783, 0.008893
1784, 0.032618
1785, 0.005981
1786, 0.027006
1787, 0.044264
1788, 0.005146
1789, 0.014983
1790, 0.054693
1791, 0.017426
1792, 0.028511
1793, 0.115351
1794, 0.020031
1795, 0.030801
1796, 0.024703
1797, 0.022550
1798, 0.021539
1799, 0.029980
1800, 0.013005
1801, 0.025346
1802, 0.010831
1803, 0.021692
1804, 0.021952
1805, 0.049922
1806, 0.022039
1807, 0.121637
1808, 0.008139
1809, 0.051385
1810, 0.007895
1811, 0.029297
1812, 0.020173
1813, 0.009444
1814, 0.045391
1815, 0.019531
1816, 0.016965
1817, 0.023480
1818, 0.008000
1819, 0.041626
1820, 0.031033
1821, 0.012526
1822, 0.020630
1823, 0.013181
1824, 0.021823
1825, 0.012212
1826, 0.037913
1827, 0.005710
1828, 0.194303
1829, 0.028086
1830, 0.043397
1831, 0.012575
1832, 0.017247
1833, 0.016847
1834, 0.010463
1835, 0.095803
1836, 0.013450
1837, 0.045174
1838, 0.033338
1839, 0.049111
1840, 0.069038
1841, 0.115178
1842, 0.019198
1843, 0.013317
1844, 0.002204
1845, 0.016709
1846, 0.011151
1847, 0.043194
1848, 0.054612
1849, 0.008944
1850, 0.008647
1851, 0.031186
1852, 0.035346
1853, 0.006682
1854, 0.004272
1855, 0.008222
1856, 0.003075
1857, 0.018323
1858, 0.013601
1859, 0.010489
1860, 0.018222
1861, 0.008964
1862, 0.034496
1863, 0.025479
1864, 0.030204
1865, 0.007560
1866, 0.017134
1867, 0.008175
1868, 0.013316
1869, 0.050113
1870, 0.012741
1871, 0.003598
1872, 0.077834
1873, 0.005903
1874, 0.011676
1875, 0.036588
1876, 0.029100
1877, 0.004449
1878, 0.009059
1879, 0.006606
1880, 0.056540
1881, 0.010417
1882, 0.007847
1883, 0.004526
1884, 0.019549
1885, 0.066657
1886, 0.045543
1887, 0.013524
1888, 0.011144
1889, 0.023458
1890, 0.034033
1891, 0.005289
1892, 0.019839
1893, 0.003136
1894, 0.046307
1895, 0.014098
1896, 0.053059
1897, 0.019074
1898, 0.012974
1899, 0.074086
1900, 0.030137
1901, 0.037706
1902, 0.010053
1903, 0.090125
1904, 0.043846
1905, 0.006176
1906, 0.020222
1907, 0.024782
1908, 0.033887
1909, 0.011996
1910, 0.047951
1911, 0.035308
1912, 0.035133
1913, 0.022310
1914, 0.018816
1915, 0.022728
1916, 0.036696
1917, 0.028672
1918, 0.002878
1919, 0.021976
1920, 0.013440
1921, 0.019509
1922, 0.056848
1923, 0.008950
1924, 0.012216
1925, 0.013926
1926, 0.016766
1927, 0.002607
1928, 0.025002
1929, 0.024118
1930, 0.058806
1931, 0.049499
1932, 0.017140
1933, 0.012894
1934, 0.006800
1935, 0.010327
1936, 0.001745
1937, 0.086441
1938, 0.038417
1939, 0.002348
1940, 0.127763
1941, 0.006073
1942, 0.014780
1943, 0.009314
1944, 0.010795
1945, 0.017913
1946, 0.028191
1947, 0.044657
1948, 0.013697
1949, 0.022134
1950, 0.073959
1951, 0.001998
1952, 0.082738
1953, 0.005185
1954, 0.016365
1955, 0.040700
1956, 0.071213
1957, 0.006258
1958, 0.024694
1959, 0.005155
1960, 0.002624
1961, 0.055107
1962, 0.064255
1963, 0.005149
1964, 0.004030
1965, 0.048770
1966, 0.004153
1967, 0.020600
1968, 0.005178
1969, 0.048607
1970, 0.003859
1971, 0.027688
1972, 0.007069
1973, 0.024799
1974, 0.010446
1975, 0.017570
1976, 0.020846
1977, 0.002285
1978, 0.021260
1979, 0.006094
1980, 0.012186
1981, 0.021173
1982, 0.023024
1983, 0.017532
1984, 0.019965
1985, 0.013508
1986, 0.043163
1987, 0.015704
1988, 0.054585
1989, 0.052332
1990, 0.064935
1991, 0.024308
1992, 0.011980
1993, 0.037958
1994, 0.013579
1995, 0.004835
1996, 0.005066
1997, 0.038191
1998, 0.005826
1999, 0.027326
2000, 0.007961
2001, 0.042094
2002, 0.074135
2003, 0.014594
2004, 0.072439
2005, 0.015710
2006, 0.016566
2007, 0.037423
2008, 0.050485
2009, 0.004919
2010, 0.072934
2011, 0.018634
2012, 0.040131
2013, 0.014620
2014, 0.004306
2015, 0.028266
2016, 0.002415
2017, 0.007400
2018, 0.015898
2019, 0.033816
2020, 0.040950
2021, 0.008143
2022, 0.010234
2023, 0.131109
2024, 0.034332
2025, 0.012410
2026, 0.032513
2027, 0.011852
2028, 0.041031
2029, 0.008082
2030, 0.009600
2031, 0.017487
2032, 0.037112
2033, 0.007697
2034, 0.014125
2035, 0.010888
2036, 0.015998
2037, 0.016311
2038, 0.029787
2039, 0.005861
2040, 0.029025
2041, 0.002883
2042, 0.031351
2043, 0.033796
2044, 0.013578
2045, 0.031204
2046, 0.056018
2047, 0.040776
2048, 0.011478
2049, 0.027263
2050, 0.008499
2051, 0.025818
2052, 0.061587
2053, 0.005311
2054, 0.009922
2055, 0.068196
2056, 0.078658
2057, 0.017741
2058, 0.093376
2059, 0.008937
2060, 0.011661
2061, 0.062405
2062, 0.135147
2063, 0.016597
2064, 0.022212
2065, 0.008990
2066, 0.015165
2067, 0.002453
2068, 0.011921
2069, 0.004739
2070, 0.004020
2071, 0.006684
2072, 0.016805
2073, 0.006198
2074, 0.022513
2075, 0.003816
2076, 0.003127
2077, 0.002013
2078, 0.007999
2079, 0.169945
2080, 0.021490
2081, 0.049369
2082, 0.064854
2083, 0.025221
2084, 0.015110
2085, 0.024321
2086, 0.063592
2087, 0.026169
2088, 0.009351
2089, 0.004325
2090, 0.086046
2091, 0.022471
2092, 0.011803
2093, 0.045163
2094, 0.005079
2095, 0.021799
2096, 0.067332
2097, 0.007104
2098, 0.032406
2099, 0.009067
2100, 0.052019
2101, 0.055652
2102, 0.032973
2103, 0.012902
2104, 0.093269
2105, 0.039553
2106, 0.027362
2107, 0.006275
2108, 0.013398
2109, 0.015716
2110, 0.030632
2111, 0.017966
2112, 0.008020
2113, 0.011695
2114, 0.015787
2115, 0.035741
2116, 0.001862
2117, 0.039348
2118, 0.018543
2119, 0.031586
2120, 0.046333
2121, 0.020173
2122, 0.021393
2123, 0.012719
2124, 0.045775
2125, 0.045655
2126, 0.027306
2127, 0.011506
2128, 0.024708
2129, 0.131563
2130, 0.006669
2131, 0.005886
2132, 0.004337
2133, 0.030877
2134, 0.009748
2135, 0.005193
2136, 0.014584
2137, 0.110582
2138, 0.010498
2139, 0.072697
2140, 0.004034
2141, 0.008180
2142, 0.014203
2143, 0.008745
2144, 0.018846
2145, 0.034603
2146, 0.025961
2147, 0.002729
2148, 0.026380
2149, 0.021318
2150, 0.039904
2151, 0.046973
2152, 0.056805
2153, 0.022703
2154, 0.007133
2155, 0.044132
2156, 0.042213
2157, 0.015978
2158, 0.012998
2159, 0.022190
2160, 0.004080
2161, 0.010793
2162, 0.018045
2163, 0.029917
2164, 0.017581
2165, 0.091689
2166, 0.007876
2167, 0.021086
2168, 0.011615
2169, 0.009628
2170, 0.012516
2171, 0.074818
2172, 0.024146
2173, 0.042146
2174, 0.050454
2175, 0.009669
2176, 0.005124
2177, 0.036295
2178, 0.032707
2179, 0.024662
2180, 0.061559
2181, 0.008537
2182, 0.017026
2183, 0.031315
2184, 0.038269
2185, 0.013011
2186, 0.013264
2187, 0.002924
2188, 0.022047
2189, 0.008776
2190, 0.012544
2191, 0.005659
2192, 0.022814
2193, 0.034616
2194, 0.094368
2195, 0.009242
2196, 0.014949
2197, 0.007602
2198, 0.011888
2199, 0.005357
2200, 0.002713
2201, 0.004646
2202, 0.007889
2203, 0.009665
2204, 0.025818
2205, 0.026478
2206, 0.010886
2207, 0.001937
2208, 0.104720
2209, 0.010572
2210, 0.071845
2211, 0.025974
2212, 0.013001
2213, 0.022851
2214, 0.021609
2215, 0.012417
2216, 0.039215
2217, 0.013326
2218, 0.011549
2219, 0.003104
2220, 0.079112
2221, 0.012501
2222, 0.020240
2223, 0.022738
2224, 0.006880
2225, 0.013394
2226, 0.010902
2227, 0.018425
2228, 0.008305
2229, 0.039790
2230, 0.024079
2231, 0.008394
2232, 0.010930
2233, 0.012367
2234, 0.020119
2235, 0.012669
2236, 0.019052
2237, 0.012042
2238, 0.002785
2239, 0.019585
2240, 0.036216
2241, 0.055412
2242, 0.010125
2243, 0.011887
2244, 0.020484
2245, 0.038563
2246, 0.029655
2247, 0.033409
2248, 0.008882
2249, 0.100405
2250, 0.004568
2251, 0.025804
2252, 0.010645
2253, 0.037004
2254, 0.006623
2255, 0.005502
2256, 0.031517
2257, 0.007576
2258, 0.013457
2259, 0.017072
2260, 0.009973
2261, 0.138078
2262, 0.020223
2263, 0.001450
2264, 0.007410
2265, 0.021572
2266, 0.005740
2267, 0.058058
2268, 0.003732
2269, 0.038092
2270, 0.078131
2271, 0.055145
2272, 0.034900
2273, 0.004752
2274, 0.046283
2275, 0.006201
2276, 0.015142
2277, 0.066933
2278, 0.008517
2279, 0.002827
2280, 0.040504
2281, 0.030009
2282, 0.023087
2283, 0.013077
2284, 0.015346
2285, 0.004181
2286, 0.122889
2287, 0.001482
2288, 0.102243
2289, 0.014739
2290, 0.003680
2291, 0.046701
2292, 0.067208
2293, 0.007041
2294, 0.038916
2295, 0.097933
2296, 0.012478
2297, 0.006279
2298, 0.013763
2299, 0.020171
2300, 0.054929
2301, 0.011959
2302, 0.006813
2303, 0.016247
2304, 0.003985
2305, 0.014285
2306, 0.038547
2307, 0.069707
2308, 0.026588
2309, 0.032133
2310, 0.055416
2311, 0.018869
2312, 0.041557
2313, 0.012795
2314, 0.012304
2315, 0.056927
2316, 0.061840
2317, 0.011350
2318, 0.007403
2319, 0.015092
2320, 0.012990
2321, 0.027739
2322, 0.010024
2323, 0.004649
2324, 0.007788
2325, 0.005938
2326, 0.019566
2327, 0.016961
2328, 0.022029
2329, 0.006196
2330, 0.004956
2331, 0.212103
2332, 0.021573
2333, 0.049199
2334, 0.017431
2335, 0.007286
2336, 0.006628
2337, 0.004319
2338, 0.064654
2339, 0.006791
2340, 0.006087
2341, 0.028780
2342, 0.030134
2343, 0.037974
2344, 0.006393
2345, 0.068851
2346, 0.009014
2347, 0.020430
2348, 0.010307
2349, 0.016701
2350, 0.026929
2351, 0.006020
2352, 0.020305
2353, 0.026546
2354, 0.011221
2355, 0.029690
2356, 0.088780
2357, 0.037296
2358, 0.016535
2359, 0.047406
2360, 0.011356
2361, 0.001819
2362, 0.046595
2363, 0.004162
2364, 0.016974
2365, 0.029251
2366, 0.025429
2367, 0.026320
2368, 0.101999
2369, 0.091859
2370, 0.013612
2371, 0.025858
2372, 0.004080
2373, 0.017307
2374, 0.057448
2375, 0.058432
2376, 0.055769
2377, 0.058055
2378, 0.026961
2379, 0.020958
2380, 0.016487
2381, 0.036737
2382, 0.010227
2383, 0.023129
2384, 0.032296
2385, 0.063178
2386, 0.012214
2387, 0.057823
2388, 0.016076
2389, 0.018519
2390, 0.040602
2391, 0.004855
2392, 0.010332
2393, 0.053707
2394, 0.177735
2395, 0.038303
2396, 0.136079
2397, 0.121601
2398, 0.002136
2399, 0.006361
2400, 0.031979
2401, 0.037953
2402, 0.010854
2403, 0.006633
2404, 0.106582
2405, 0.023484
2406, 0.006679
2407, 0.049802
2408, 0.054668
2409, 0.023582
2410, 0.029440
2411, 0.018556
2412, 0.018599
2413, 0.002974
2414, 0.027175
2415, 0.061253
2416, 0.038275
2417, 0.006284
2418, 0.041010
2419, 0.005270
2420, 0.033697
2421, 0.073779
2422, 0.023770
2423, 0.018270
2424, 0.004154
2425, 0.006496
2426, 0.008285
2427, 0.001813
2428, 0.016079
2429, 0.017021
2430, 0.014352
2431, 0.001962
2432, 0.007233
2433, 0.012853
2434, 0.011554
2435, 0.008570
2436, 0.006456
2437, 0.008650
2438, 0.005297
2439, 0.005449
2440, 0.016531
2441, 0.093867
2442, 0.013321
2443, 0.010677
2444, 0.034180
2445, 0.001738
2446, 0.026417
2447, 0.001563
2448, 0.028379
2449, 0.056284
2450, 0.009441
2451, 0.007386
2452, 0.044119
2453, 0.003802
2454, 0.013370
2455, 0.031751
2456, 0.009819
2457, 0.009477
2458, 0.002417
2459, 0.015049
2460, 0.021408
2461, 0.048351
2462, 0.011090
2463, 0.000776
2464, 0.017096
2465, 0.007045
2466, 0.019923
2467, 0.012949
2468, 0.016758
2469, 0.010014
2470, 0.003815
2471, 0.008438
2472, 0.004255
2473, 0.021304
2474, 0.019220
2475, 0.009455
2476, 0.018552
2477, 0.004891
2478, 0.022363
2479, 0.004237
2480, 0.056603
2481, 0.012387
2482, 0.003485
2483, 0.005832
2484, 0.004910
2485, 0.034114
2486, 0.010580
2487, 0.010240
2488, 0.010077
2489, 0.005184
2490, 0.050792
2491, 0.046970
2492, 0.013411
2493, 0.001508
2494, 0.015783
2495, 0.002130
2496, 0.008329
2497, 0.022884
2498, 0.002746
2499, 0.001417
2500, 0.005466
2501, 0.056610
2502, 0.073433
2503, 0.038353
2504, 0.011652
2505, 0.011445
2506, 0.014403
2507, 0.018077
2508, 0.005340
2509, 0.025813
2510, 0.043376
2511, 0.007516
2512, 0.007780
2513, 0.031073
2514, 0.011835
2515, 0.024657
2516, 0.033789
2517, 0.009983
2518, 0.019200
2519, 0.010433
2520, 0.004703
2521, 0.018506
2522, 0.022992
2523, 0.014926
2524, 0.052374
2525, 0.022649
2526, 0.031026
2527, 0.026931
2528, 0.025909
2529, 0.029416
2530, 0.011248
2531, 0.017590
2532, 0.007670
2533, 0.006994
2534, 0.012327
2535, 0.010018
2536, 0.031119
2537, 0.025492
2538, 0.004194
2539, 0.012078
2540, 0.006812
2541, 0.005464
2542, 0.011545
2543, 0.045328
2544, 0.011619
2545, 0.077983
2546, 0.010951
2547, 0.031847
2548, 0.005761
2549, 0.049218
2550, 0.003724
2551, 0.004659
2552, 0.007629
2553, 0.045431
2554, 0.007988
2555, 0.033179
2556, 0.039215
2557, 0.080311
2558, 0.013319
2559, 0.009451
2560, 0.019063
2561, 0.014712
2562, 0.001623
2563, 0.029939
2564, 0.044509
2565, 0.033317
2566, 0.017274
2567, 0.023694
2568, 0.014429
2569, 0.062253
2570, 0.003176
2571, 0.042085
2572, 0.007427
2573, 0.005450
2574, 0.027416
2575, 0.021996
2576, 0.029536
2577, 0.048389
2578, 0.058396
2579, 0.106773
2580, 0.003773
2581, 0.044599
2582, 0.007673
2583, 0.030903
2584, 0.002389
2585, 0.020377
2586, 0.026641
2587, 0.107377
2588, 0.003823
2589, 0.006027
2590, 0.018186
2591, 0.010913
2592, 0.061474
2593, 0.035698
2594, 0.002781
2595, 0.012323
2596, 0.023999
2597, 0.029165
2598, 0.015828
2599, 0.049416
2600, 0.022799
2601, 0.018235
2602, 0.009034
2603, 0.011256
2604, 0.054974
2605, 0.051116
2606, 0.024038
2607, 0.097837
2608, 0.001827
2609, 0.007360
2610, 0.010732
2611, 0.030171
2612, 0.009588
2613, 0.018373
2614, 0.044783
2615, 0.003524
2616, 0.004921
2617, 0.029655
2618, 0.035662
2619, 0.003932
2620, 0.001590
2621, 0.002035
2622, 0.010428
2623, 0.032803
2624, 0.084132
2625, 0.030542
2626, 0.008814
2627, 0.015114
2628, 0.039153
2629, 0.006004
2630, 0.091921
2631, 0.004272
2632, 0.015321
2633, 0.014716
2634, 0.013123
2635, 0.012314
2636, 0.005735
2637, 0.041581
2638, 0.005043
2639, 0.006521
2640, 0.027728
2641, 0.010770
2642, 0.036373
2643, 0.094352
2644, 0.087913
2645, 0.010167
2646, 0.030379
2647, 0.005731
2648, 0.011045
2649, 0.011287
2650, 0.004107
2651, 0.015603
2652, 0.017595
2653, 0.001107
2654, 0.012308
2655, 0.019678
2656, 0.045114
2657, 0.017737
2658, 0.014076
2659, 0.009305
2660, 0.004217
2661, 0.048174
2662, 0.009403
2663, 0.005492
2664, 0.027355
2665, 0.070411
2666, 0.012415
2667, 0.040458
2668, 0.012985
2669, 0.074680
2670, 0.039263
2671, 0.034108
2672, 0.055838
2673, 0.046922
2674, 0.082045
2675, 0.028658
2676, 0.083592
2677, 0.019055
2678, 0.018203
2679, 0.021640
2680, 0.024401
2681, 0.101454
2682, 0.052288
2683, 0.010049
2684, 0.010652
2685, 0.001053
2686, 0.064962
2687, 0.007426
2688, 0.022751
2689, 0.006385
2690, 0.007431
2691, 0.048978
2692, 0.011844
2693, 0.051072
2694, 0.005981
2695, 0.012821
2696, 0.015118
2697, 0.034614
2698, 0.015902
2699, 0.011984
2700, 0.001611
2701, 0.011909
2702, 0.005971
2703, 0.013138
2704, 0.078039
2705, 0.091799
2706, 0.007476
2707, 0.013284
2708, 0.015311
2709, 0.014958
2710, 0.003810
2711, 0.021779
2712, 0.006788
2713, 0.003711
2714, 0.049056
2715, 0.012687
2716, 0.090320
2717, 0.036052
2718, 0.053917
2719, 0.003142
2720, 0.002400
2721, 0.004148
2722, 0.006971
2723, 0.017837
2724, 0.003645
2725, 0.015278
2726, 0.025400
2727, 0.025314
2728, 0.009040
2729, 0.046045
2730, 0.006307
2731, 0.017697
2732, 0.002754
2733, 0.010937
2734, 0.017266
2735, 0.018243
2736, 0.005882
2737, 0.001523
2738, 0.001406
2739, 0.062257
2740, 0.025350
2741, 0.015292
2742, 0.003934
2743, 0.067869
2744, 0.010246
2745, 0.015976
2746, 0.006755
2747, 0.014355
2748, 0.024632
2749, 0.002884
2750, 0.012781
2751, 0.003666
2752, 0.036333
2753, 0.019718
2754, 0.001777
2755, 0.031272
2756, 0.050255
2757, 0.005080
2758, 0.004101
2759, 0.018496
2760, 0.003987
2761, 0.013037
2762, 0.057415
2763, 0.013603
2764, 0.010810
2765, 0.023727
2766, 0.020722
2767, 0.056959
2768, 0.003208
2769, 0.025595
2770, 0.002909
2771, 0.029468
2772, 0.005366
2773, 0.014984
2774, 0.005074
2775, 0.088451
2776, 0.038357
2777, 0.002622
2778, 0.038924
2779, 0.037770
2780, 0.003435
2781, 0.045445
2782, 0.007115
2783, 0.008628
2784, 0.010657
2785, 0.075931
2786, 0.004984
2787, 0.011263
2788, 0.005348
2789, 0.006014
2790, 0.039224
2791, 0.004856
2792, 0.033114
2793, 0.050469
2794, 0.021920
2795, 0.065213
2796, 0.009341
2797, 0.083604
2798, 0.003566
2799, 0.021272
2800, 0.029008
2801, 0.024005
2802, 0.007507
2803, 0.006394
2804, 0.045850
2805, 0.008041
2806, 0.010001
2807, 0.023384
2808, 0.003789
2809, 0.004176
2810, 0.051457
2811, 0.035717
2812, 0.014838
2813, 0.013765
2814, 0.011865
2815, 0.012569
2816, 0.002859
2817, 0.083455
2818, 0.005807
2819, 0.019364
2820, 0.023869
2821, 0.061070
2822, 0.030548
2823, 0.067813
2824, 0.030816
2825, 0.020452
2826, 0.009342
2827, 0.020870
2828, 0.020026
2829, 0.083049
2830, 0.019669
2831, 0.025845
2832, 0.002602
2833, 0.102916
2834, 0.032182
2835, 0.019221
2836, 0.007142
2837, 0.011161
2838, 0.004286
2839, 0.064171
2840, 0.003569
2841, 0.003520
2842, 0.008892
2843, 0.005581
2844, 0.005079
2845, 0.006685
2846, 0.006824
2847, 0.020449
2848, 0.012498
2849, 0.007964
2850, 0.005899
2851, 0.000876
2852, 0.003127
2853, 0.049116
2854, 0.021911
2855, 0.038840
2856, 0.069713
2857, 0.016936
2858, 0.014266
2859, 0.059818
2860, 0.064916
2861, 0.028505
2862, 0.008685
2863, 0.067685
2864, 0.008168
2865, 0.042639
2866, 0.010396
2867, 0.090179
2868, 0.054382
2869, 0.116274
2870, 0.006486
2871, 0.019849
2872, 0.003158
2873, 0.016786
2874, 0.022319
2875, 0.014251
2876, 0.022616
2877, 0.045195
2878, 0.008073
2879, 0.018225
2880, 0.009199
2881, 0.029347
2882, 0.009951
2883, 0.018255
2884, 0.051650
2885, 0.029718
2886, 0.030851
2887, 0.046135
2888, 0.014516
2889, 0.034493
2890, 0.021026
2891, 0.015196
2892, 0.032499
2893, 0.014793
2894, 0.016129
2895, 0.017356
2896, 0.075948
2897, 0.027930
2898, 0.006559
2899, 0.012411
2900, 0.003667
2901, 0.022008
2902, 0.010405
2903, 0.015381
2904, 0.003831
2905, 0.017053
2906, 0.022671
2907, 0.005927
2908, 0.009989
2909, 0.004069
2910, 0.025046
2911, 0.001120
2912, 0.013409
2913, 0.016202
2914, 0.006010
2915, 0.056683
2916, 0.006535
2917, 0.023246
2918, 0.029251
2919, 0.002499
2920, 0.028723
2921, 0.004721
2922, 0.010215
2923, 0.014423
2924, 0.002828
2925, 0.007108
2926, 0.005158
2927, 0.012960
2928, 0.016194
2929, 0.011941
2930, 0.012449
2931, 0.012703
2932, 0.005012
2933, 0.043501
2934, 0.012911
2935, 0.011739
2936, 0.082762
2937, 0.002450
2938, 0.021558
2939, 0.100068
2940, 0.014868
2941, 0.006809
2942, 0.088602
2943, 0.004786
2944, 0.002914
2945, 0.025496
2946, 0.003040
2947, 0.005302
2948, 0.007289
2949, 0.041070
2950, 0.259749
2951, 0.083845
2952, 0.006651
2953, 0.014614
2954, 0.031599
2955, 0.010232
2956, 0.011426
2957, 0.003597
2958, 0.040209
2959, 0.005848
2960, 0.018955
2961, 0.007278
2962, 0.003561
2963, 0.003797
2964, 0.008326
2965, 0.045219
2966, 0.010019
2967, 0.002877
2968, 0.018990
2969, 0.013076
2970, 0.007986
2971, 0.015016
2972, 0.003777
2973, 0.046074
2974, 0.010667
2975, 0.077476
2976, 0.010059
2977, 0.002440
2978, 0.063966
2979, 0.046543
2980, 0.001482
2981, 0.009570
2982, 0.012007
2983, 0.032111
2984, 0.079628
2985, 0.016837
2986, 0.030614
2987, 0.035468
2988, 0.017655
2989, 0.003120
2990, 0.007193
2991, 0.010983
2992, 0.024530
2993, 0.004364
2994, 0.034981
2995, 0.023874
2996, 0.022318
2997, 0.000740
2998, 0.032356
2999, 0.004346
3000, 0.035861
